2.864695231119791519e+00
1.136007428169250488e+00
-2.172203816791697495e+00
-4.766214984889744599e+00
-6.386751067050240316e+00
-1.085099611202057979e+01
-1.516766807808524220e+01
-2.074050311894379917e+01
-2.462620070778564241e+01
-2.856600390092087238e+01
-3.255402077598073163e+01
-3.495517373251747983e+01
-3.761204473920863478e+01
-4.104945092190889255e+01
-4.499793599890829654e+01
-4.740868902439024168e+01
-5.025018942496723184e+01
-5.197904829545454675e+01
-5.277276435165534707e+01
-5.454297748881431573e+01
-5.692248702024185292e+01
-5.717827705536912930e+01
-5.905930978927987240e+01
-6.216001573741007036e+01
-6.469448156524123306e+01
-6.642951034580498515e+01
-6.870005653782894228e+01
-6.985593725178713953e+01
-7.230284136680988638e+01
-7.457629000756048754e+01
-7.643369300136116351e+01
-7.763685926258992254e+01
-7.857668948763250683e+01
-8.054622892811704560e+01
-8.253102708899456275e+01
-8.358507355845181053e+01
-8.614995454992138946e+01
-8.786407295650096216e+01
-8.804307200480603512e+01
-8.712356801044083454e+01
-8.833427922814982480e+01
-8.849308787677304622e+01
-8.835938655695265709e+01
-8.873674635003604294e+01
-8.949687681054460597e+01
-8.940003296910323627e+01
-8.750445092758826604e+01
-8.334414747032221271e+01
-8.445559656013000449e+01
-8.312878828731665237e+01
-8.479322203196346663e+01
-8.625988574136478348e+01
-8.733678897471909863e+01
-8.764369833238312424e+01
-8.923125480030722656e+01
-9.011441159152086300e+01
-9.177357671645702908e+01
-9.114532748800959894e+01
-9.290731639465874991e+01
-9.351499902445370083e+01
-9.433852715877436879e+01
-9.549171401515151558e+01
-9.599599013594163921e+01
-9.768171111995754075e+01
-9.896001248216833801e+01
-9.946520996093750000e+01
-1.012221829671501752e+02
-1.024880980521936493e+02
-1.020209357443820295e+02
-1.039495303803339539e+02
-1.045691674054373550e+02
-1.054888816413662198e+02
-1.077416149068322966e+02
-1.095839181673728859e+02
-1.113363099268689069e+02
-1.120262338379060196e+02
-1.127821072319201932e+02
-1.131339549353205882e+02
-1.138826939791403277e+02
-1.148432603276353206e+02
-1.143985421901172543e+02
-1.158086378205128142e+02
-1.163721507352941131e+02
-1.159785053777544590e+02
-1.166366346970554986e+02
-1.167570351368159152e+02
-1.181465637703252014e+02
-1.186907397408207316e+02
-1.184886305241521001e+02
-1.191918387023593482e+02
-1.180535798676748556e+02
-1.195822059197154488e+02
-1.200775474221789949e+02
-1.190676565459280312e+02
-1.207265809474616276e+02
-1.210179880401234556e+02
-1.229671787709497153e+02
-1.217747080449827024e+02
-1.233399726506456204e+02
-1.230623553240740762e+02
