1.844593774704706091e+00
2.877834558486938477e+00
4.141217912946428825e+00
7.368800229144526703e+00
1.239374623947051823e+01
1.958789245205799645e+01
1.991510118479643765e+01
1.697781726925872192e+01
1.933538849216380129e+01
1.683021535001705260e+01
2.265430897281486722e+01
2.824551815372127805e+01
2.556853150292266363e+01
3.515789596325922162e+01
2.931683269650655177e+01
3.672852832825203251e+01
3.844574254587156048e+01
3.465960842225609895e+01
4.621701573111205619e+01
4.646576569491051600e+01
4.603514803496319985e+01
4.865979970637583563e+01
4.833112980769230660e+01
5.113978995375128278e+01
4.744640899122806843e+01
4.890498777636054228e+01
5.587673211348684532e+01
5.230693382644956557e+01
6.413825439715360233e+01
5.937834708921371174e+01
7.040746937386569471e+01
6.653022425809352569e+01
6.631151078474675842e+01
5.645373628339694960e+01
5.668108334748641397e+01
4.647483153139810241e+01
6.609721403301887221e+01
6.567192728250478240e+01
6.034370172502574547e+01
6.536387640177881053e+01
7.238777844778660153e+01
6.678923564937943524e+01
6.957785919008875908e+01
6.328206673576063679e+01
6.413631590382387060e+01
6.325253744348153617e+01
6.333729334979054215e+01
6.989069124505370212e+01
6.616617856175514589e+01
7.027756282355478845e+01
6.672750428082191831e+01
6.881053864785172891e+01
6.880029406601123299e+01
6.915092289053592367e+01
7.095083885368663346e+01
6.662752355316285957e+01
7.289291797693920216e+01
7.750422006145083742e+01
7.155324245796241200e+01
7.301864106399584387e+01
7.135299152739089834e+01
7.391577350206611641e+01
7.772684225795755708e+01
7.627783306794054852e+01
7.753171250891583099e+01
6.835620880126953125e+01
8.988571885665528782e+01
7.137256524205749031e+01
6.364546940835673894e+01
6.657441442486084782e+01
6.305113678339243677e+01
7.279973612428842955e+01
6.204719526397515494e+01
6.177017677436440835e+01
6.571531351570963864e+01
6.136615519552191955e+01
5.440003993921446579e+01
5.270810338160855224e+01
6.851313606194690919e+01
6.202923566595441685e+01
6.308821451005024983e+01
5.778758814102564401e+01
5.768158482142857224e+01
6.455722061909759191e+01
5.305952275622876613e+01
5.746880344371890459e+01
5.038305465574187281e+01
4.899990719492440405e+01
5.579359102004111293e+01
5.579396480830308747e+01
5.196554032766225362e+01
6.179102356453252298e+01
5.904040511511024647e+01
5.402008611505682012e+01
5.933882452774498262e+01
6.235080897955246826e+01
6.238865550803072324e+01
6.276160611303345149e+01
5.980189091642754562e+01
7.766707899305555429e+01
