1.896227700369698566e+00
2.877294063568115234e+00
4.151558113379049786e+00
7.415441206993889089e+00
1.238962963485258761e+01
1.956987948725444326e+01
1.990947166229325660e+01
1.703648672177810042e+01
1.934526865836703635e+01
1.696965728385061567e+01
2.287934177133517011e+01
2.864952430382117754e+01
2.591245538725269881e+01
3.557293502575922162e+01
2.960307425286572069e+01
3.691365917174796607e+01
3.863647044970510791e+01
3.487883262888026792e+01
4.646961547644312418e+01
4.661838908696868344e+01
4.618249704258675337e+01
4.885801174496643995e+01
4.841439494680851396e+01
5.133044145041110085e+01
4.760501901726973983e+01
4.896729290674603163e+01
5.597916837993420813e+01
5.239874156076250955e+01
6.431144686493017559e+01
5.946943910660282029e+01
7.043134641560799025e+01
6.658790936001199157e+01
6.619307641342756199e+01
5.660124940362595680e+01
5.705320673403532794e+01
4.666373543641390143e+01
6.616731770833332860e+01
6.564284327198852509e+01
6.037677008238929233e+01
6.523339012954369309e+01
7.231371488365493860e+01
6.672239306294326866e+01
6.941593472633135775e+01
6.317718096611391587e+01
6.412540284617612940e+01
6.304666894310474845e+01
6.321092347396768218e+01
6.970818170576596629e+01
6.549325399512459001e+01
7.000296591889559750e+01
6.654069634703196812e+01
6.823648773167649040e+01
6.830228669241573414e+01
6.873191633409349777e+01
7.053766441052226810e+01
6.633918657469718028e+01
7.225658411949684989e+01
7.707819994004796627e+01
7.106853517556874067e+01
7.265455092351716360e+01
7.107814676183843972e+01
7.345561079545454675e+01
7.768458326425729865e+01
7.545105161889595990e+01
7.777432908345221563e+01
6.799317169189453125e+01
8.943314713097269930e+01
7.142477661686838530e+01
6.324579748946629110e+01
6.631145640074211656e+01
6.249726193114657491e+01
7.241212049335862844e+01
6.159877717391304230e+01
6.138551459878178207e+01
6.526534567984832336e+01
6.098146779407127127e+01
5.441828534133416184e+01
5.235720437289089091e+01
6.793779136378002192e+01
6.163751446759259522e+01
6.249992148241206280e+01
5.748076923076923350e+01
5.755735294117646816e+01
6.384898839192025122e+01
5.269335716308040674e+01
5.725055387126865725e+01
4.949776502159552649e+01
4.853817241495680435e+01
5.561566594938334873e+01
5.547140497391107061e+01
5.142251988815375086e+01
6.136147500635162544e+01
5.856442019293125867e+01
5.356607333096590651e+01
5.899515754132231393e+01
6.202763913001543017e+01
6.185080416375698320e+01
6.271338397491349781e+01
5.964518696197991687e+01
7.772186776620370097e+01
