-4.596928638023077838e+02
8.917445166250676039e+02
2.644070777095045742e+03
-6.051583444988083329e+02
1.345740479491833185e+03
1.322363314276504980e+03
3.142755378401628604e+03
1.308486277302031340e+03
1.403984231450974903e+03
3.478489561406966914e+03
1.408133043238610071e+03
1.516750881050424141e+03
2.034022708775561568e+03
1.971963480522559394e+03
1.810221330040852990e+03
8.205952975897407669e+02
1.203474702704974789e+03
1.641441344154912031e+03
1.216887146149765613e+03
1.143900772761749067e+03
1.301610596633359819e+03
9.146154583230322714e+02
8.242438415441580446e+02
1.944328883148272325e+03
1.500041322623637598e+03
1.459799607312557782e+03
1.216799072390313995e+03
3.004501463118156607e+03
1.295331042565947655e+03
1.684616646120298356e+03
7.383765916517847927e+02
1.595196278904520341e+03
1.337724232954119771e+03
1.495409334858304646e+03
1.749418608837656393e+03
1.035670301359594305e+03
2.448587858477897498e+03
1.464726862879748751e+03
-8.474434264414643394e+02
2.508970003640129562e+03
9.168691011576387382e+02
1.753756488486770877e+03
2.442193044489374643e+03
2.267445519488931041e+03
2.014363849002848838e+03
1.895829292865426169e+03
-3.345924032889717182e+03
3.363902471648786104e+03
8.625971432348089820e+02
1.987634262147269737e+03
2.049050362309953925e+03
2.463415504224946289e+03
1.689503406679732734e+03
1.833786167142528939e+03
1.118142659596445355e+03
1.171566778254943529e+03
2.150554617317887278e+03
1.690568092044702553e+03
2.329606701908973264e+03
2.233577357123973798e+03
2.528773394484318487e+03
1.286149278561783149e+03
1.348169453660887257e+03
2.155626807547092994e+03
1.113546418474287066e+03
2.654794390973987902e+03
7.547504358505158280e+02
1.083839020142477693e+03
1.218221094894968473e+03
3.123940239288222983e+03
1.651920147078989203e+03
2.607219625797982189e+03
1.516748055336493962e+03
1.894584566321160537e+03
1.367034649201877073e+04
1.137334178056552082e+04
1.096616137814290823e+03
1.372673109493991888e+03
1.285822700385586586e+03
1.073784490452858108e+03
2.871773510592400271e+03
2.005479720636949651e+03
8.119006521531854332e+02
1.878518943367563679e+03
1.732386987585794486e+03
1.354407122054969705e+03
2.072292940702209307e+03
1.754150036605292598e+03
1.888751580345727234e+03
7.319008123381761379e+02
2.004668978234216638e+03
2.133040189298123551e+03
1.282683152425006483e+03
2.193750978778840818e+03
1.509162916082954553e+03
1.044622802142192313e+03
1.336059267762721220e+03
1.951585786761109603e+03
1.060991346901753332e+03
5.457748706525272837e+02
